17       蓝国安-LanGuoan                             20000309        0 20000309        775523
25       曾德志-ZengDezhi                            20000418 20180306 20000418        775522
57       张昌兰-ZhangChanglan                        20010226        0 20010226        775523
58       覃荣慧-QinRonghui                           20010303        0 20010303        775523
63       王刚-WangGang                              20010318        0 20010318        775522
64       胡银林-HuYinlin                             20010321        0 20010321        775523
89       侯鉴津-HouJianjin                           20011106        0 20011106        775522
90       胡林-HuLin                                 20011201        0 20011201        775523
93       孟超-MengChao                              20011219        0 20011219        775523
2008     曾强飞-ZengQiangfei                         20020226        0 20020226        775523
2029     周阳珍-ZhouYangzhen                         20020624        0 20020624        775523
3007     曾伟清-ZengWeiqing                          20030307        0 20030307        778801
3011     廖斌-LiaoBin                               20030307        0 20030307        775523
3022     李亚超-LiYachao                             20030728        0 20030728        775530
3025     曾平生-ZengPinsheng                         20030910        0 20030910        775530
3029     徐国宣-XuGuoxuan                            20031020        0 20031020        775522
3033     黄承干-HuangChengan                         20031020        0 20031020        775523
3038     吴奎-WuKui                                 20031110        0 20031110        775523
4130     李爱平-LiAipin                              20041223        0 20041223        775530
5007     孙宏伟-SunHongwei                           20050221        0 20050221        775525
5011     田胜强-TianShengqiang                       20050224        0 20050224        775523
5039     郑孝远-ZhengXiaoyuan                        20050507 20171031 20050507        775522
5045     张守泽-ZhangShouze                          20050516        0 20050516        775525
5069     陶凡-TaoFan                                20050715        0 20050715        775523
5074     陈宗良-ChenZongliang                        20050728        0 20050728        775523
5090     李大忠-LiDazhong                            20050830        0 20050830        775530
5097     万大军-wandajun                             20050912        0 20050912        775528
5120     张国清-ZhangGuoqing                         20051125        0 20051125        775523
6011     常立忠-ChangLizhong                         20060408        0 20060408        775522
6029     李苑强-LiYuanqiang                          20060822        0 20060822        775308
6029     李苑强-LiYuanqiang                          20060822        0 20180413        775519
6042     王智怀-WangZhihuai                          20060919        0 20060919        775527
7004     张定森-ZhangDingsen                         20070308        0 20070308        775523
7007     宋荣华-SongRonghua                          20070309        0 20070309        775530
7008     程志强-ChengZhiqiang                        20070309        0 20070309        775522
7034     陈学华-ChenXuehua                           20070521        0 20070521        775523
7077     李世昆-LiShikun                             20070912        0 20070912        775519
7079     黄超-HuangChao                             20070914        0 20070914        775522
7083     廖涛涛-LiaoTaotao                           20070927        0 20070927        775523
7096     陈耀兵-ChenYaobing                          20071024        0 20071024        775525
7117     郑远龙-ZhengYuanlong                        20071129        0 20071129        778801
7121     郭建-GuoJian                               20071220        0 20071220        775523
8021     朱小伟-ZhuXiaowei                           20080310        0 20080310        775527
8047     杨明-YangMing                              20080416        0 20080416        775527
8052     杨辉兵-YangHuibing                          20080508        0 20080508        775525
8100     余桂喜-YuGuixi                              20080730        0 20080730        775522
8124     韩文刚-HanWengang                           20080902        0 20080902        775523
9002     黄土养-HuangTuyang                          20090508        0 20090508        775522
9006     李宏强-LiHongqiang                          20090511        0 20090511        775522
9008     郑志强-ZhengZhiqiang                        20090520        0 20090520        775523
9016     蓝庆云-LanQingyun                           20090522        0 20090522        775522
9042     石欣荣-ShiXinrong                           20090624        0 20090624        775523
9049     张国金-ZhangGuojin                          20090706 20170926 20090706        775526
9053     吴恒-WuHeng                                20090708        0 20090708        775523
9071     袁国玉-YuanGuoyu                            20090803        0 20090803        775523
9076     张柏伟-ZhangBowei                           20090820        0 20090820        775523
9125     房东平-FangDongping                         20091216 20180515 20091216        775523
10008    钱恩丽-QianEnli                             20100223        0 20100223        778801
10015    袁志建-YuanZhijian                          20100303        0 20100303        778801
10019    覃银军-QinYinjun                            20100305        0 20100305        775522
10051    钟小松-ZhongXiaosong                        20100406        0 20100406        775523
10058    宗勇-ZongYong                              20100420        0 20100420        775523
10065    黎志章-LiZhizhang                           20100513        0 20100513        775523
10093    张龙银-ZhangLongyin                         20100609        0 20100609        775523
10164    刘云生-LiuYunsheng                          20100812        0 20100812        775527
10213    刘胜平-LiuShengping                         20101025        0 20101025        775523
10226    班文学-BanWenxue                            20101108        0 20101108        775523
10234    温仙顺-WenXianshun                          20101122        0 20101122        775519
10275    李胜刚-LiShenggang                          20110105        0 20110105        775519
11021    刘壮平-LiuZhuangpin                         20110222        0 20110222        775523
11029    熊林芳-XiongLinfang                         20110309        0 20110309        775526
11051    范红波-FangHongbo                           20110330        0 20110330        775522
11058    王永宏-WangYonghong                         20110419 20180416 20110419        775522
11067    潘绍专-PanShaozhuang                        20110511        0 20110511        775523
11104    刘红玉-LiuHongyu                            20110704 20180306 20110704        775523
11125    余斌-YuBing                                20110805 20180330 20110805        775531
11162    韩文强-HanWenqiang                          20111012        0 20111012        775522
11172    邓小琴-DengXiaoqin                          20111102        0 20111102        778801
11185    莫俊鲲-MoJunkun                             20111111 20170718 20111111        778801
11227    陈华军-ChenHuajun                           20111223        0 20111223        775526
12010    李利昌-LiLichang                            20120210 20170629 20120210        775525
12011    郭江桃-GuoJiangtao                          20120210        0 20120210        778801
12013    王小洋-WangXiaoyang                         20120210 20180821 20120210        775522
12017    吴志平-WuZhiping                            20120213        0 20120213        775522
12018    叶运中-YeYunzhong                           20120214 20170704 20120214        775526
12025    曾建江-ZengJianjiang                        20120215 20170815 20120215        775526
12029    殷强-Yinqiang                              20120216        0 20120216        775526
12032    陈宗明-ChenZongming                         20120216        0 20120216        775523
12033    唐海华-TangHaihua                           20120217        0 20120217        775523
12046    申宝杰-ShenBaojie                           20120314        0 20120314        775525
12065    张金花-ZhangJinhua                          20120508        0 20120508        775525
12068    姚定松-YaoDingsong                          20120516        0 20120516        775526
12073    张渠江-ZhangQujiang                         20120531        0 20120531        775527
12078    彭平林-PengPinglin                          20120607        0 20120607        775531
12085    梁友兵-LiangYoubing                         20120627        0 20120627        775523
12094    付自龙-FuZilong                             20120710        0 20120710        775523
12121    吕明东-LvMingdong                           20121018        0 20121018        775523
12146    黄玲-HuangLing                             20130202        0 20130202        775525
13012    龙云-LongYun                               20130227 20180228 20130227        775527
13013    谢小强-XieXiaoqiang                         20130227        0 20130227        775522
13018    李剑-LiJian                                20130227 20180228 20130227        775527
13025    代仕品-DaiShipin                            20130301        0 20130301        775530
13035    吕敬松-LvJingsong                           20130301        0 20130301        775527
13049    陈国生-ChenGuosheng                         20130311        0 20130311        775523
13052    吴庚基-WuGengji                             20130311        0 20130311        775526
13074    姚文韬-YaoWentao                            20130408        0 20130408        775523
13084    钟裕良-ZhongYuliang                         20130516 20180531 20130516        775523
13114    刘昌德-LiuChangde                           20130717        0 20130717        775523
13123    张金龙-ZhangJinlong                         20130729        0 20130729        775523
13126    李贵有-LiGuiyou                             20130807        0 20130807        775523
13138    吕志祥-LvZhixiang                           20130823        0 20130823        775527
13139    韩由欣-HanYouxin                            20130826        0 20130826        775524
13139    韩由欣-HanYouxin                            20130826        0 20180401        775531
13146    庄学聪-zhuangxuecong                        20130827        0 20130827        775528
13163    邹城林-ZouChenglin                          20131101        0 20131101        775525
13172    尧会武-YaoHuiwu                             20131112        0 20131112        775527
14019    沈红军-shenhongjun                          20140212 20180815 20140212        775528
14031    吕绍明-lvshaoming                           20140213        0 20140213        775528
14039    钟泉堃-ZhongQuankun                         20140214        0 20140214        775523
14062    易胜春-YiShengchun                          20140221        0 20140221        775523
14074    孙俊-SunJun                                20140228        0 20140228        775530
14086    黎芸华-LiYunhua                             20140307 20180619 20140307        775523
14101    郭艾鹏-GuoAipeng                            20140320        0 20140320        778801
14111    王超-WangChao                              20140328 20170822 20140328        775523
14136    农应康-NongYingkang                         20140509 20180305 20140509        775523
14139    黄宝县-HuangBaoxian                         20140514        0 20140514        775526
14177    覃剑术-QinJianshu                           20140625        0 20140625        775526
14178    李利强                                      20140625 20170523 20140625        775525
14186    王顺国-WangShunguo                          20140703 20180815 20140703        775523
14200    蒋金贵-JiangJingui                          20140722        0 20140722        775523
14206    廖军-LiaoJun                               20140725        0 20140725        775523
14225    张学平-ZhangXueping                         20141010        0 20141010        775519
14225    张学平-ZhangXueping                         20141010        0 20180901        775522
14228    邓松林-DengSonglin                          20141013        0 20141013        775523
14229    杨翔英-YangXiangying                        20141013 20180515 20141013        775523
14262    郭望明                                      20141118 20170620 20141118        775526
15019    何磊-HeLei                                 20150305        0 20150305        775525
15036    卢华绒-LuHuarong                            20150316        0 20150316        775519
15042    黄学刚-HuangXuegang                         20150317        0 20150317        775522
15045    吴先健-WuXianjian                           20150317 20170808 20150317        775526
15050    杨漳荣-YangZhangrong                        20150318        0 20150318        775523
15057    郑洪圣-ZhengHongsheng                       20150320 20171201 20150320        775523
15061    韦勋科-weixunke                             20150324        0 20150324        775528
15074    陈国-ChenGuo                               20150402 20180711 20150402        775522
15079    郁德景-YuDejing                             20150402        0 20150402        775522
15102    杨文红-YangWenhong                          20150421        0 20150421        775523
15113    王明明-WangMingming                         20150505 20180228 20150505        775523
15142    彭文坤                                      20150519 20170522 20150519        775528
15160    宋玉兰-SongYulan                            20150702        0 20150702        775522
15166    韩欣杰-HanXinjie                            20150709        0 20150709        775523
15166    韩欣杰-HanXinjie                            20150709 20180531 20170601        775527
15181    朱俊超-ZhuJunchao                           20150804 20170703 20150804        775523
15182    夏闯-XiaChuang                             20150804 20170915 20150804        775523
15197    唐飞羽-TangFeiyu                            20150818        0 20150818        778801
15202    李磊磊-LiLeilei                             20150826 20171226 20150826        775525
15206    皇世伟-HuangShiwei                          20150901 20180306 20150901        775523
15220    杨继龙-YangJilong                           20150917        0 20150917        775526
15221    陈魁-ChenKui                               20150917        0 20150917        775525
15225    黄隽-HuangJun                              20150929        0 20150929        775525
16006    张志峰-ZhangZhifeng                         20160225 20180228 20160225        775519
16007    黄米特-HuangMite                            20160225 20170914 20160225        775524
16008    石明清-ShiMingqing                          20160225 20170719 20160225        775523
16009    龙际兵-LongJibing                           20160225        0 20160225        775527
16012    杨昌华-YangChanghua                         20160225        0 20160225        775526
16013    戴九莲-DaiJiulian                           20160225 20180225 20160225        775525
16028    陈飞                                       20160324 20170628 20160324        775522
16029    李燕辉-LiYanhui                             20160324 20170918 20160324        775527
16039    田尧成-TianYaocheng                         20160510 20170808 20160510        775526
16041    韦海云-WeiHaiyun                            20160517 20180814 20160517        775527
16050    白世现-BaiShixian                           20160531 20180301 20160531        775522
16057    柳建明-LiuJianming                          20160622 20170828 20160622        775524
16071    岳锁宁-yuesuoning                           20160720        0 20160720        775528
16075    陈纪春-ChenJichun                           20160811        0 20160811        778801
16097    彭波-PengBo                                20161208        0 20161208        775522
17003    宗升冬-ZongShengdong                        20170209 20170829 20170209        775526
17005    蔡永红-CaiYonghong                          20170213 20170831 20170213        775526
17007    付军锋-FuJunfeng                            20170213 20170704 20170213        775519
17011    黄羊程                                      20170217 20170628 20170217        775522
17013    刘青林-LiuQinglin                           20170217        0 20170217        775523
17016    刘瑞-LiuRui                                20170223 20170704 20170223        775524
17017    杜李博                                      20170223 20170527 20170223        775527
17018    钟功文-ZhongGongwen                         20170224        0 20170224        775525
17022    陈双飞-ChenShuangfei                        20170303 20170719 20170303        775523
17023    邓天能                                      20170303 20170619 20170303        775523
17030    杨建兵-YangJianbing                         20170310        0 20170310        775525
17031    贾代凯-JiaDaikai                            20170310        0 20170310        775527
17031    贾代凯-JiaDaikai                            20170310        0 20170622        775523
17032    杨学刚-YangXuegang                          20170310 20180123 20170310        775527
17034    陈湘桂-ChenXianggui                         20170313        0 20170313        775527
17035    廖超-LiaoChao                              20170314        0 20170314        775524
17035    廖超-LiaoChao                              20170314 20180131 20170913        775525
17037    黄宏伟-HuangHongwei                         20170323 20180228 20170323        775526
17039    朱伟-ZhuWei                                20170327 20180612 20170327        775525
17042    杜正春-DuZhengchun                          20170410 20180420 20170410        775524
17044    黄定县-huangdingxian                        20170411        0 20170411        775529
17044    黄定县-huangdingxian                        20170411        0 20171019        775528
17048    杨富文-YangFuwen                            20170515 20170718 20170515        775525
17049    肖人杰                                      20170519 20170523 20170519        775522
17050    贝志垚                                      20170522 20170710 20170522        775525
17051    张斌-ZhangBin                              20170525        0 20170525        775526
17052    黄刚-HuangGang                             20170527        0 20170527        775527
17052    黄刚-HuangGang                             20170527 20170711 20170703        775522
17053    钟平龙-ZhongPinlong                         20170527 20170725 20170527        775527
17054    姚龙-YaoLong                               20170527 20170803 20170527        775522
17057    尹国彪-YunGuobiao                           20170616 20170815 20170616        775522
17059    谢青林-XieQinglin                           20170621 20170822 20170621        775519
17061    叶文凯                                      20170622 20170626 20170622        775522
17062    夏世保                                      20170622 20170626 20170622        775525
17063    叶夕雄                                      20170622 20170626 20170622        775525
17064    张炯福-zhangjiongfu                         20170623        0 20170623        775522
17066    李长义-lichangyi                            20170629 20171018 20170629        775525
17068    雷石深-leishishen                           20170703        0 20170703        775525
17068    雷石深-leishishen                           20170703 20180322 20171103        775526
17069    李卯年-limaonian                            20170703 20170801 20170703        775516
17070    陈林平-chenlinping                          20170704 20170815 20170704        775523
17071    陈飞飞-chenfeifei                           20170704        0 20170704        775525
17071    陈飞飞-chenfeifei                           20170704 20171031 20170913        775526
17073    廖定洪                                      20170706 20170706 20170706        775020
17075    曾日华-zengrihua                            20170712 20170801 20170712        775020
17076    龙运铺-longyunpu                            20170713        0 20170713        775527
17076    龙运铺-longyunpu                            20170713 20180228 20170913        775524
17077    黄相-huangxiang                            20170718 20170728 20170718        775523
17078    覃宗强-qinzongqiang                         20170721 20170726 20170721        775522
17079    杨见军-yangjianjun                          20170721        0 20170721        775522
17080    张建灵-zhangjianling                        20170721        0 20170721        775523
17081    何海清-hehaiqing                            20170721 20170815 20170721        775524
17082    袁加军-yuanjiajun                           20170721        0 20170721        775523
17083    叶剑锋-yejianfeng                           20170727 20180228 20170727        775522
17084    覃通江-qintongjiang                         20170728 20170808 20170728        775516
17085    王继祖-wangjizu                             20170804 20170919 20170804        775523
17086    高绅戈-gaoshenge                            20170804 20170919 20170804        775523
17088    杨胜舒-yangshengshu                         20170808 20170816 20170808        775523
17089    陈伟-chenwei                               20170816 20170817 20170816        775516
17090    赵华明-zhaohuaming                          20170817 20170822 20170817        775523
17091    金康-jinkang                               20170818 20170822 20170818        775523
17092    周松-zhousong                              20170823 20170919 20170823        775516
17094    李枝文-lizhiwen                             20170904 20170905 20170904        775519
17095    石明峥-shimingzheng                         20170908        0 20170908        775525
17095    石明峥-shimingzheng                         20170908 20171130 20171103        775526
17096    叶剑-yejian                                20170912        0 20170912        775526
17097    叶智谋-yezhimou                             20170912        0 20170912        775525
17097    叶智谋-yezhimou                             20170912        0 20170913        775526
17097    叶智谋-yezhimou                             20170912 20171115 20171103        775525
17098    王建秋-wangjianqiu                          20170926 20180112 20170926        775523
17099    郑明满-zhengmingman                         20170926 20180111 20170926        775523
17100    黄桂连                                      20170926 20170926 20170926        775516
17101    朱觉平-zhujueping                           20170927 20180117 20170927        775519
17102    朱伯水-zhuboshui                            20171010 20171024 20171010        775516
17103    赵等林-zhaodenglin                          20171010 20171011 20171010        775516
17104    古金烈-gujinlie                             20171011 20180117 20171011        775523
17105    吕海清-lvhaiqing                            20171017 20180717 20171017        775522
17106    肖红东-xiaohongdong                         20171018 20180117 20171018        775525
17107    赖茂汀-laimaoting                           20171027        0 20171027        775523
17107    赖茂汀-laimaoting                           20171027        0 20171204        775525
17109    肖俩龙-xiaolianglong                        20171121        0 20171121        775525
17114    叶珠明-yezhuming                            20171222 20180104 20171222        775519
17116    廖银山-liaoyinshan                          20171228 20180101 20171228        775527
18003    廖小成-liaoxiaocheng                        20180112        0 20180112        775519
18004    罗奎-LuoKui                                20180301 20180320 20180301        775527
18007    郭望明-GuoWangMing                          20180306 20180425 20180306        775526
18008    黄晓晖-huangxiaohui                         20180307 20180309 20180307        775523
18009    杨江昌-YanJiangChang                        20180315 20180703 20180315        775526
18010    钟绍波-ZhongShaoBo                          20180315 20180316 20180315        775527
18011    龙永宿-LongYongSu                           20180316 20180425 20180316        775527
18012    秦良义-QinLiangYi                           20180316 20180515 20180316        775527
18013    赵明波-ZhaoMingBo                           20180316 20180319 20180316        775523
18014    赵明杰-ZhaoMingJie                          20180316 20180319 20180316        775523
18015    李顺华-LiShunHua                            20180319 20180426 20180319        775523
18016    吴军-WuJun                                 20180321 20180322 20180321        775527
18018    圣立强-shengliqiang                         20180322 20180807 20180322        775522
18020    江军华-jiangjunhua                          20180322        0 20180322        775522
18025    黄宝贝-haungbaobei                          20180323        0 20180323        775523
18026    何贺龙-hehelong                             20180323        0 20180323        775523
18027    江小亮-jiangxiaoliang                       20180323        0 20180323        775527
18028    陈星辉-chenxinghui                          20180323 20180515 20180323        775524
18031    何洪运-hehongyun                            20180326 20180411 20180326        775525
18035    唐发子-tangfazi                             20180329 20180331 20180329        775524
18036    黎华锋-lihuafeng                            20180329        0 20180329        775523
18039    王彬-wangbin                               20180401 20180409 20180401        775525
18040    邓年春-dengnianchun                         20180401        0 20180401        775523
18044    李正利-lizhengli                            20180404 20180408 20180404        
18046    胡承龙-huchenglong                          20180409 20180413 20180409        775526
18047    聂超群                                      20180409 20180410 20180409        
18050    秦宗正-qinzongzheng                         20180411 20180515 20180411        775527
18051    涂义金-tuyijin                              20180411        0 20180411        775525
18053    李利昌-lilichang                            20180416        0 20180416        775519
18055    陈泽-chenze                                20180417 20180703 20180417        775526
18056    李林-lilin                                 20180417 20180515 20180417        775526
18057    李春华-lichunhua                            20180419        0 20180419        775527
18058    段物文-duanwuwen                            20180420 20180503 20180420        775527
18059    罗直-luozhi                                20180420 20180710 20180420        775526
18060    杨昌国-yangchangguo                         20180427 20180515 20180427        775523
18062    陈起伟                                      20180503 20180508 20180503        775516
18063    余桂军-yuguijun                             20180509 20180731 20180509        775527
18064    廖涛-liaotao                               20180510 20180515 20180510        775523
18067    陈荣锁-chenrongsuo                          20180511        0 20180511        
18067    陈荣锁-chenrongsuo                          20180511 20180605 20180511        775522
18068    黄小团-huangxiaotuan                        20180511 20180515 20180511        775527
18069    冯海华-fenghaihua                           20180511        0 20180511        775527
18069    冯海华-fenghaihua                           20180511        0 20180511        775524
18070    唐志勇-tangzhiyong                          20180515        0 20180515        775523
18071    赵有义-zhaoyouyi                            20180515 20180518 20180515        775523
18072    胡凯-hukai                                 20180517 20180528 20180517        775523
18074    李炳光-libingguang                          20180517        0 20180517        775523
18075    盘为根-panweigen                            20180517        0 20180517        775527
18076    李小华-lixiaohua                            20180521        0 20180521        775527
18076    李小华-lixiaohua                            20180521        0 20180521        Planning and Bleeding
18076    李小华-lixiaohua                            20180521 20180524 20180522        775524
18077    于隆基-yulongji                             20180521 20180626 20180521        775525
18079    张耀恩-zhangyaoen                           20180522        0 20180522        775523
18080    张远河-zhangyuanhe                          20180607        0 20180607        775523
18080    张远河-zhangyuanhe                          20180607 20180611 20180607        775524
18081    李世章-lishizhang                           20180608 20180629 20180608        775522
18083    李顺伟-lishunwei                            20180612        0 20180612        775529
18083    李顺伟-lishunwei                            20180612        0 20180731        775528
18084    邓林-denglin                               20180614 20180619 20180614        775516
18085    覃膑-qinbin                                20180614        0 20180614        775529
18085    覃膑-qinbin                                20180614        0 20180731        775528
18087    郑秋华-zhengqiuhua                          20180627        0 20180627        775523
18088    汤广成-tangguangcheng                       20180628 20180731 20180628        775524
18089    黄高贵-haunggaogui                          20180628 20180703 20180628        775527
18090    黄忠荣-huangzhongrong                       20180629        0 20180629        775525
18090    黄忠荣-huangzhongrong                       20180629        0 20180801        775526
18091    王长伟-wangchangwei                         20180629 20180719 20180629        775525
18092    王长红-wangchanghong                        20180629 20180717 20180629        775525
18093    卢春保-luchunbao                            20180705 20180706 20180705        775526
18094    凌幸禄-lingxinglu                           20180711        0 20180711        775522
18097    周才成-zhoucaicheng                         20180718 20180815 20180718        775525
18101    徐明枚-xumingmei                            20180727 20180828 20180727        775525
18102    龙聪明-longcongm                            20180727 20180816 20180727        775526
18103    邓世雄-dengshixiong                         20180727 20180730 20180727        775523
18104    王正强-wangzhengqiang                       20180731 20180807 20180731        775522
18106    唐和平-tangheping                           20180823        0 20180823        775522
18107    王丙显-wangbingxian                         20180823        0 20180823        775522
18108    张骞-zhangqian                             20180901        0 20180901        775525
18109    龙运铺-longyunpu                            20180901        0 20180901        775524
18110    孙康-sunkang                               20180831 20180901 20180831        775525
18111    吕苏延-lvsuyan                              20180903        0 20180903        775525
18112    刘水清-liushuiqing                          20180905        0 20180905        775525
18113    刘斌-zhangbin                              20180905        0 20180905        775522
18114    罗华升-luohuasheng                          20180905        0 20180905        775526
18115    朱爱如-zhuairu                              20180906 20180907 20180906        775524
18116    杨伟-yangwei                               20180907        0 20180907        775523
96003    练文发-LianWenfa                            19961005        0 19961005        775523
96005    肖庆德-XiaoQingde                           19961007        0 19961007        775523
96006    周桂勤-ZhouGuiqin                           19961005        0 19961005        775523
96008    禤丽婵-XuanLichan                           19961007        0 19961007        775526
97001    张来财-ZhangLaicai                          19970428        0 19970428        775523
98011    田建红-TianJianhong                         19981224        0 19981224        775525
99011    唐小亮-TangXiaoliang                        19990626        0 19990626        775523
99012    胡兵-HuBing                                19990701        0 19990701        775523
